0,-7.537321076830172e-05,0.0016139469695754288
1,0.0027343400038007284,0.0006743009313106412
2,0.009774316602628043,0.001846276043104527
3,0.009931365126234886,0.0013091573932598973
4,0.009285685804364395,0.0018725804212143629
5,0.008068084432084597,0.0016982338370888468
6,0.005193842170332066,0.001372644987178293
7,0.012686103148840151,0.00011415645844376764
8,0.0030944719398475536,0.0009150906925687256
9,0.0026398168889491063,0.0025330214428612424
10,0.00956011115001764,0.0020656774177759385
11,0.003416032230730935,0.00036045040949028907
12,0.007952778933451227,-0.0003735114613998308
13,0.004911257288000353,0.0031799382621061924
14,0.009030184269333715,0.001960246343620605
15,0.010547296336035357,9.28458923599232e-05
16,0.004190781111469327,0.0008842734133169025
17,0.0038260240413107737,0.00209198277513702
18,0.0048137633175478495,0.0011048722156353997
19,0.008048080340910094,-0.0006969747433234541
20,0.011274048254551958,0.00014498224049964677
21,0.005592679281278039,0.0012462764922820527
22,0.007792064117239302,0.0016103758904434096
23,0.011717369535958316,0.0008776748224052117
24,0.004159112796793267,-0.0004740720047476106
25,0.013701485102655621,0.0012044760369117502
26,0.0037403513308586923,0.0026330999535289063
27,0.001416504672953407,0.0019391378022346663
28,0.011687447588496496,0.0006242263333708041
29,0.00859578651381139,0.0020062980549613867
30,0.007316396077462187,-0.0008758993573880069
31,0.009881276896457179,9.60121771905072e-05
32,0.002904792978349824,0.0016848968878872305
33,0.010683497734521617,0.0008646392074230124
34,0.0016355037553964914,-6.305301457466414e-05
35,0.0032692696138927834,3.6682296038919844e-06
36,0.0133165756644987,-0.00023820151366277782
37,0.0014430107163136655,-3.5678645638089974e-05
38,0.00686277894545798,0.0006754987570521218
39,0.01073789785956858,0.0009118067094337494
40,0.012803480879375306,0.0005319593136972918
41,0.0039049026652998166,-0.000806439172582997
42,0.007139485544755008,0.0006324507001130176
43,0.013371220436115026,0.0012283778463407205
44,0.004476377098465967,0.0010809455651465628
45,0.0023848439633734914,0.0014620469657326632
46,0.005510183326384146,-1.88088203531928e-05
47,0.0075548371746406075,-0.000239829894752464
48,0.008343588140068565,0.0020169242528765194
49,0.008815606375376733,0.0014991350842861676
50,0.00329683991761746,0.0020025132308740426
51,0.013214113774187766,0.000850042853945966
52,0.012031522683642975,0.0008428408636861032
53,0.005783287042176253,0.001673940600047179
54,0.007159432065599998,0.0002795459292277131
55,0.007823125284476509,0.001177731783316562
56,0.014071711486279493,0.0008280819642961538
57,0.00544878277485981,0.0011110498138953897
58,0.0017095614551289329,0.002339137909390528
59,0.006721566786861603,0.0028096753251523263
60,0.00931855561534145,0.002241655002805492
61,0.003521248761501015,0.0024791943512771177
62,0.008024422497926237,0.0005874584632523925
63,0.005222336941240933,0.00042502179850577933
64,0.00996227376909908,0.0016765233153449043
65,6.811200713384922e-05,0.00030257687597672457
66,0.0009870065159271807,0.0015804746123707532
67,-0.000527972180719451,0.0014634227227929672
68,0.014049744329410823,0.0013486146955246027
69,0.0098083631848235,0.0008355387900940296
70,0.013061908887338129,-0.0003181992146795355
71,0.007680700983953221,0.0017270005844308254
72,0.005171899108297889,-0.00025082574301880657
73,0.003754460990753015,-0.00044879869669406673
74,-8.08244011296123e-05,0.001740794264857855
75,0.0017923324308544073,0.0012253232774837469
76,0.007735735094246826,0.001560134886655291
77,0.0036969673460297446,0.00035907489671540855
78,0.003161406817648626,0.0029160082823749983
79,0.005544716419960956,0.001463912873245468
80,0.009300715001285218,-0.0003390144505434403
81,0.004370487852016711,0.001495263736313717
82,0.007617986928882234,0.0028940017285779616
83,0.006743208071791972,0.0021683030565234867
84,0.0013172204368246932,-0.0004102202801909919
85,0.0034737453772457423,-0.00022446235141673066
86,0.013804381031199419,0.0014032125605181935
87,0.007178767868229587,-0.00032550733819999806
88,0.011564647106204681,0.0013664307407883934
89,0.007058730916085978,0.00022800077337105967
90,0.006003533385016099,0.0024615717829088333
91,0.009816439297319807,0.002094449899522251
92,0.010671773609950091,0.0005350067443515366
93,0.0021946556870742003,0.00014974897002039246
94,0.00901636628002062,0.0014517819832870578
95,0.009323185298839685,0.003722351771240899
96,0.00516567518942999,0.0013431242347127495
97,0.012889199888136988,-0.0001258762392973881
98,0.002267359130054322,0.00038608325444883663
99,0.012988120275173166,0.0005340049533683533
100,0.0027807018180652917,0.0014883381374609717
101,0.01340163753467536,0.0022361786209347833
102,0.013625389956420342,0.000867086547283996
103,0.006372831391864243,0.00168257091964393
104,0.0011664583022175372,0.0011580731546830553
105,0.004669769860156111,0.0024659850270152294
106,0.008612372175107696,-0.0010663318801520114
107,0.002386048305099511,0.002499787941658834
108,0.0004450575989698701,0.0010423687322120613
109,0.008153020088213881,0.0005644932526544017
110,0.011096072486150573,0.0011739889342472548
111,0.004432492673314202,0.0026194693526942286
112,0.007744649855140146,0.00357972491437395
113,0.013082509985912611,0.00029190907467045615
114,0.004006577576451624,-0.00023941735082819295
115,0.007746675782418989,0.002952156027194632
116,0.00746705441470773,0.0027095651505534353
117,0.012732929245108722,0.0009161379282166432
118,0.007881023882781356,0.002314085574168025
119,0.0007368704856890385,-0.0008747570277945605
120,0.007823275839039369,0.0009590653597493304
121,0.009909934312159124,0.0008311631979189564
122,0.0002808641924945587,0.0003409250099456392
123,0.0072963845662156294,-0.0003029044273764229
124,0.010490044303785799,-0.00038830558437838913
125,0.005157179111796513,-0.0003647725809622752
126,0.012825647084756088,0.0012819109458585558
127,0.009488557028412678,0.0004417029600489624
128,0.0010496485847550905,-3.0585748609082235e-05
129,0.005612238556189546,0.0010518982669791245
130,0.0030770900573634827,0.0007304366080875017
131,0.00703370215027555,0.0002363203885741865
132,0.009802304323690239,0.0017408196970928724
133,0.0006076407539551836,0.001921240728580243
134,0.009682499053114357,0.0018021270622235967
135,0.008687807336217762,-0.00032805077809251016
136,0.000251131268214457,0.0009554909156281447
137,-5.0457970816852155e-05,4.8908259343659524e-05
138,0.012394351087942292,8.883531190167961e-05
139,0.010251439878076272,0.0007148726002482264
140,-0.0002901212535157289,0.002502867745062681
141,0.00898098857931123,0.001893079034495302
142,0.0006844059635971333,0.00048037993034094135
143,0.007754570579066162,0.0019830566398735703
144,0.007539607758888496,-2.9867683545779523e-06
145,0.00919085314951188,7.91425646256764e-06
146,0.006294172446379998,0.002230620447454718
147,0.0057324573197932395,0.0007094693710904692
148,0.011748424206274151,0.0020303801548618885
149,0.006705083695958913,0.001691044028310537
150,0.003541101957963062,0.0015144008664429289
151,0.013213560359538912,0.0002711097415477296
152,0.006959929396438343,-0.000991992650499258
153,0.0008478376612447003,0.00021830288083554765
154,0.009321473239638597,-0.0001046158799356921
155,0.01151341888323033,0.0008386101523248182
156,0.005559488368586464,0.0012072176558820247
157,0.004464847481972411,0.0022506277009176168
158,0.00919449129459583,0.003186429797389504
159,0.012338273971713857,0.0020196190066296663
160,0.00745007753528074,0.0024900603955225627
161,0.013848058955094234,-7.284127680975175e-05
162,0.0016571839058603871,0.0010158174775448687
163,0.0017779065931420252,0.00022291132782706918
164,0.009333192231462088,0.0014434305528386341
165,0.002188620377667579,0.0004397668771385146
166,0.007595616815886129,0.00045401123115559135
167,0.007754484987550231,-0.00040218905090660137
168,0.0003943074311502332,0.001696478398805739
169,0.011149552777983256,6.362442503829056e-05
170,7.76621792028194e-05,0.0006976707357479934
171,0.012431376493774151,0.0022401691223538907
172,0.005119783681355619,0.002137048693324548
173,0.012689987594343784,0.0019030971420731981
174,0.008178795415936704,0.002705727393299353
175,0.0007999103745220218,-0.0005784315786781242
176,0.014760869446391548,0.0019401592852317808
177,0.013181465213496545,0.0013042477199963595
178,0.004512799156657269,0.0019391169977536157
179,0.0042332763554277205,0.0010278668826934287
180,0.012028234136241382,0.000541719149320158
181,0.008194738473502263,0.00185403944473432
182,0.0020468523129201096,0.00045504790993967345
183,0.007522978381021846,0.002009266943066136
184,0.007840377902463233,0.0015565359140779903
185,0.005459497947693156,0.0020212921219986647
186,0.004385272986630894,-0.00035171718180781564
187,0.013023897792931746,0.0011153225443461515
188,0.010320154583682507,0.0018422270385611305
189,0.002623113582255101,-0.00018637651625696223
190,0.00727710254040709,-6.909289612608235e-05
191,0.002401706621854377,0.0034745118216719193
192,0.009626832272892025,0.0027512456047492882
193,-0.0004163848980332876,0.0013644984383907165
194,0.000538804328560473,0.00028881608912038236
195,0.006677356790027568,0.0013260064133471053
196,0.0011533844746888604,-0.0001513049651980171
197,0.005962691484896416,0.0017147397757369136
198,0.004494084923051277,0.0017952288193388759
199,0.009263293977378042,-0.000610900230776981
200,0.011214050404046069,0.0001703759221704322
201,0.006169767908619167,0.0016843838929867902
202,0.0072230155263485404,-0.0012870676927428193
203,0.010096946481444848,0.0017081709741757214
204,0.002707843363434058,0.0013498747901229834
205,0.011470510734238808,-0.00011067792564919771
206,0.006459550391922944,0.0011869074491180466
207,0.01032039914851663,0.0006681264993932886
208,0.0012060549636614074,0.00025495871590851455
209,0.013885639731233588,0.000534715953166033
210,0.008606995502617586,0.0031382467672488937
211,0.001931980719213177,0.00046024372791374056
212,0.013299066138866234,0.0016893620221453594
213,0.004055789612075839,0.0005133976217235265
214,0.0028043334838511918,0.0011810189630938898
215,0.007971417990644353,-0.00042912111211322937
216,0.008824324317201485,0.0007432248387644353
217,0.012039200571803242,0.002138811281949521
218,0.008992599946169692,0.0019761914695654802
219,0.007393752152591316,0.000694256090629388
220,0.014296026408853578,0.0005863831968760128
221,0.0053379610402416915,0.002611863000591024
222,0.008530905519640383,0.000320030238485463
223,0.011355628294109986,0.0017234384193006672
224,0.007459856068978693,0.0036000982857514424
225,0.011380846961683466,0.0020178649320645595
226,0.010726816424015736,0.0019733722455669367
227,0.01219795844994954,0.0007644739471774908
228,0.0009781120372377862,0.0015286975177140837
229,0.013934083776784947,0.0005102143623357396
230,0.015359482764991416,0.00041687651822408213
231,0.005822678626284204,0.00011880038538321742
232,0.006697981547299965,0.0006512586644213314
233,0.00887667566438893,0.001620683630064821
234,0.010046039968361063,-0.0004998164199397174
235,0.0004152330879300053,0.0016438109595787978
236,0.0072192203931413556,0.0008373382802338494
237,0.012307922110307741,0.0006918237799813774
238,0.011405416658341291,0.0028344673550147275
239,0.011448992949840421,0.002337932382260006
240,0.0002896423084991251,0.0015077927360303079
241,0.009970795550065595,0.0006030847204067724
242,0.0060820260852691216,0.0025624249355501428
243,0.003825763875227585,0.00048146658988098943
244,0.005973840645465619,0.0006345602161630799
245,0.009112011025152168,0.00012700997862002177
246,0.0037113241904205103,-0.0011710458761920426
247,0.004123826642069896,0.0005263712970890104
248,0.0062851576362359645,0.002114523654840518
249,0.0013961873244245028,0.0008819292203568514
250,0.010710431165261077,0.00044207981129676675
251,0.005601120816495111,0.0033543880844633415
252,0.0029054219496428874,-0.0008442755465719603
253,0.00283486720843328,0.0016876684713353425
254,0.0003328827639257373,0.0018128150150662737
255,0.005913749644532967,-0.0006022031643528389
256,0.0014560016886278027,0.0011499338054859387
257,0.010213174193322945,0.0013612202248806347
258,0.004824450088247018,0.0016445190155087274
259,0.002409036062779151,0.0021541997000709356
260,0.004714924255031578,0.0008266637798623202
261,0.004828075561210652,0.0012572885455015123
262,-0.0001579930247678787,0.0019399632594129176
263,0.00805892772265146,0.0009046697687484213
264,0.014423450873297494,6.397388433228091e-05
265,0.006587580553412989,0.002614030737233918
266,0.00820377618513039,0.0016354793576292762
267,0.012732874555470884,0.0023529463407272436
268,0.0019795420410696806,-0.00012481825858236367
269,0.0043588940403093595,0.0007171274486681298
270,0.012525546264774508,0.0010042497643539322
271,0.006626872273906113,-0.00015027639640087864
272,0.011500113315163167,0.0003845968895839638
273,0.0035953704186568116,0.0007779248313131027
274,0.0035882307399628,0.0008401278044664998
275,2.111968419017021e-05,-0.0005659631425075668
276,0.006862640735054951,2.9903505311205956e-05
277,0.004892358945280452,6.153829038761511e-05
278,0.0029280322859008673,0.000857399545856068
279,0.008951908586053173,-0.00033414206177503756
280,0.004055710336235798,0.0014621352725919783
281,0.012924570164518522,0.001540113566096325
282,0.010098901291045355,0.003986265949139788
283,0.013169279231733274,-0.00011182479792481389
284,0.014359930358794407,0.00028306272440226186
285,0.009875350516568909,0.0009587416564849665
286,0.003018638042125586,0.001044137263244239
287,0.006051981262794956,0.0005157380232790717
288,0.0005705122174673796,0.002893791910271592
289,0.0015977199024723397,0.00047875812534475966
290,-0.00020813032265136467,0.0007225676670776789
291,0.004891696661180307,-0.00046081274427519806
292,0.00795875529780615,0.0004365210772687863
293,0.0058405515676210615,0.0024197477624023044
294,0.003352157206851302,0.0020073820068504393
295,0.008231702559012538,2.807838052955407e-05
296,0.0007760887210810629,0.000553436915227476
297,0.009710949151551828,0.0020599108559261293
298,0.007022532209212681,0.0004340822887314762
299,0.0031671308021648517,-1.369772360442252e-05
300,0.002905407827473142,0.0003638259280092556
301,0.004343923649214442,0.0012508822177327255
302,0.013117449772096355,0.0012343010475282222
303,0.010217260398513627,0.0015165797937149504
304,0.005457348599342025,-0.0019818007847508838
305,0.0072226185043391495,0.0023594359132929083
306,0.01033495147561193,-7.499621450780212e-05
307,0.008488289904402669,0.0003592593854231685
308,0.00032909369197583875,0.0004899306618483354
309,0.008725529445039102,0.0004778788742887037
310,0.006649119135531263,0.0035685525292037386
311,0.013029495988059239,0.0013073436966888278
312,0.007222608362850532,0.00032777433083263713
313,-0.000166455349631626,0.003687666216218001
314,0.008032128563775645,0.0020700193218735254
315,0.0003229536649531647,0.00023007655382179472
316,0.009303357316069152,0.001068118084476913
317,0.00675919512042686,0.001275260704833169
318,0.0070811677576311585,0.002921077908406123
319,0.005877969472911599,0.00024573869358022836
320,0.008771425455426848,0.0012449198393433758
321,0.0007722877129176664,0.0002145211494073624
322,0.002161410197184228,0.0019565154911941724
323,0.012901248222264053,4.759790504814562e-05
324,0.0009026231275294837,0.0022158503975766436
325,0.0024730117530070293,0.0023465073863431895
326,0.006860254148703681,-0.0008195821881502165
327,0.00011458387351717424,0.0020246237055206707
328,0.002778503915376137,0.004539212175030687
329,0.008816012187211057,0.001846145141387775
330,0.010971506489587165,0.0017144541819646864
331,0.012153849158736603,0.002766327209875867
332,0.007349154649052064,0.0007798082041856406
333,0.002048926414933014,0.0005661337452997962
334,0.008790207685394229,0.0021693794641895626
335,0.008772564863822274,-0.00047461357629430663
336,0.00032953953198745545,0.0007809891871008279
337,0.012598512091256129,0.0015499310394568777
338,0.010287811293383792,0.001799671200933143
339,0.004002494798831375,-0.0008951315267271058
340,0.007390110500170567,0.0017630519425835135
341,0.006432186564366045,-0.0008028464593424208
342,0.009821436032324939,0.0003182778970364547
343,0.0027400789738307937,-0.0003366655706574002
344,0.0018388844753396889,-0.00016385215155851487
345,0.004035285031060183,-8.469264120441074e-05
346,0.008631435888605059,0.0017646208781326772
347,0.00470821617654673,-0.0005255395935382399
348,0.004496262317810912,0.0012403124832586205
349,0.012422113724945949,0.0012683424190833264
350,0.0018329309630784763,0.001469433424758184
351,0.009023181978631056,0.000792268578345253
352,0.007313631373065298,0.0015206361759932167
353,0.008367747017931196,0.0008324410557115303
354,0.009965786553857539,0.00045185925256314074
355,0.010409214360173788,-0.00019451715216812113
356,0.004444717372433975,0.0013877513031529543
357,0.0010730040506344342,0.0020502855783103577
358,0.0012877042746282797,0.0016234076690237744
359,-0.0004719594102417813,0.0017599373098668217
360,0.010621718014616118,0.001270075605684531
361,0.010058084693527975,0.0017584300179766417
362,0.004942213888525978,0.0002517713021518593
363,0.001403956668415914,0.002116160745694973
364,-0.0002200524926138136,0.0006342245562315428
365,0.0002764406812746696,0.0010274291104096834
366,0.007140035404623141,0.002013241133457973
367,0.0013253719223154379,0.001347011682638001
368,0.0059524767466529824,0.0010406444636776283
369,0.005606837019215684,-0.0008684852647574368
370,0.0065716249086774795,-0.00026035250131213876
371,0.01158327590449241,0.0016734346393195048
372,0.010466247927640372,0.0019447182896497818
373,0.008742115850966554,-0.0016735839196532782
374,0.013195397257374149,0.0009448211033109438
375,0.0019285542627489557,-0.00047912078094600224
376,0.006397799981137434,0.00027386106400044353
377,0.007924425671356752,0.0012009755488651772
378,0.0019884239540418017,0.0014371286733427784
379,0.005207033810550218,0.0005051823518142608
380,0.002721088743603382,0.0014656955226971312
381,0.0014898177153537067,0.0015203844914759206
382,-0.0004049952718457996,0.00015559034972569151
383,0.005736240559672283,0.0021017912188624425
384,0.006506185565649196,0.0028704204097074484
385,0.00598274903732584,0.002589713752562042
386,0.006091633682861751,0.002699801674116753
387,0.008282303665407562,-0.001176532447823666
388,0.007319212741568348,0.0023794589068869268
389,0.007110441655205971,0.005060535729892258
390,0.009056657289433674,-0.00011177680510283174
391,0.011651373000519568,0.0024360191876334424
392,0.0026574655685722734,0.0013656405326504606
393,0.013086254931066162,0.00017561922533460898
394,0.012382688100792988,-0.00044618850389131635
395,0.013184769814746736,0.0006136510113694811
396,-0.0004844965227224911,0.000683769827243307
397,0.012551222349503564,-0.00038885120599030083
398,0.014627997816276718,0.0012328815787173498
399,0.010176048278588746,0.0016832217360345711
400,0.0014071228154289648,0.0024937997171918273
401,0.009095308866831403,0.0019203149602309345
402,0.013837310880797005,0.0007876028385074772
403,0.012643774780018617,0.0013908987951533178
404,0.00855291690804653,0.002367630025897853
405,0.010951757033429267,-8.020470348063207e-05
406,0.011591092574528518,0.001527154604990226
407,0.0065040975694451875,-0.0007480740387284753
408,0.0018483769622873079,-0.0003894803803623851
409,0.0035473842303456837,0.0014121600508755897
410,0.0060659628369888275,0.0013074784029403468
411,0.0070492988283534135,0.00025328872627229665
412,0.007087016927328377,0.001430219893727252
413,0.00713054666605372,0.002236274427634679
414,0.009195387906279296,0.0023024530292023136
415,0.008579900297686582,-8.31906289910665e-05
416,0.0017781565060131042,0.0014414280908608453
417,0.009780014141610146,0.001461053744839286
418,0.01216452925910178,0.0002561039282540305
419,0.00014284705994217935,0.0019527053140008168
420,0.008230433201872075,-0.0007764820903633764
421,0.010062155210211825,0.0012841214260553553
422,0.004101136820744085,0.0014558904291385928
423,0.0063136037062440555,0.0006284402003283443
424,0.010010459933416413,-0.001002449947771881
425,-0.0005066462284168232,0.00020871915764913957
426,0.0002692402074905824,0.0011702589929324487
427,0.008866877776451293,0.0012066918652365757
428,0.0004506079433711033,0.0014103991536518696
429,0.002438147402275695,0.0013176258965928854
430,0.008334310567106961,0.0020214289571258703
431,0.006306978252236347,4.258427335554674e-05
432,0.004602368203498367,0.0013413891216233543
433,0.0081354865492765,0.00012608762294114587
434,0.010707714377977491,-7.981375107736548e-05
435,0.004980954324240706,0.0007216999953622992
436,0.013008036344214585,-0.0003523038588803995
437,0.0016410882670663018,0.0012965046142904084
438,0.011685066372390227,0.00063424464714826
439,0.004874244421156902,0.0008717154518825939
440,0.006184976996786776,-0.00046307775019162356
441,0.013820159041533322,0.0017433915892385015
442,0.0016817011073282664,0.0003463950546633464
443,0.005894057779164107,0.000346739115846636
444,0.005833489071605708,0.0017957912006012406
445,0.008708745383647637,0.0020816749265267407
446,0.009312647907311716,0.0010232830715354653
447,0.007790573699776307,0.002793582442243608
448,0.013662108187643076,-0.00014077046790122912
449,0.0007698977928161448,0.0005182579284325509
450,0.005933570533382763,0.002739270050981129
451,0.009114982962311991,0.00199670292774043
452,0.009844256437806705,0.00179491677283593
453,0.005140996064416414,0.00034768768013083886
454,0.013398044221146231,0.001760236819952121
455,0.007182364244818134,-0.0010953075310486066
456,0.007436132266964602,-0.0002850465187911744
457,0.007453484148061612,0.0017612655116573625
458,0.013430395068224322,0.0018419451230877138
459,0.008033821514832395,-0.0002101935021122514
460,0.005143772768408108,0.0003144554911794433
461,0.005978989147825876,0.002448696520482176
462,0.009073371609129126,0.0004176739456312441
463,0.0031130016307628094,0.0004428903498915156
464,0.01463536378462027,0.0009586616969838412
465,0.013072764796146934,-0.0001728914808744827
466,0.0070020573310625635,0.0010321063557449878
467,0.008519119180946654,0.00048133514990446547
468,0.011309064436644067,0.00030597184823425604
469,0.007132694945282682,0.0008803303907008021
470,0.009093405185988382,0.002055927197664132
471,0.0016562850946287597,0.0014573289491029977
472,0.0011295921593555663,0.00027794193321265144
473,0.005756662627420091,0.0021049217784246356
474,0.006516226383161337,0.00028305853496331826
475,0.0008899226657000284,0.0009339944834132609
476,0.00845062299368271,-0.0018650075909238226
477,0.0003007091154323319,0.0014265893137571967
478,0.01328014780046397,0.000475198660192174
479,0.0032809947748914897,-0.0005479744985285588
480,0.0034556597954122272,0.0010343083488867676
481,0.005881338692451334,0.0017436617945998972
482,0.012456507909998062,0.0022667454002658505
483,0.0006143622082321926,0.0015681051688639816
484,0.004025253812311947,0.0015298330439017396
485,0.0027358573638348975,0.0021125491491677376
486,0.0024018832499892724,-0.0001743225364988042
487,0.005943309506682307,0.0010738402206845494
488,0.006444446210295055,-0.000709749905586929
489,0.007759881798234917,0.0013133594189832355
490,0.010628007564138448,0.0018300478884249044
491,0.00880751747841221,-0.00014638923267654486
492,-0.001488690475294079,0.0017264315928817815
493,0.005582476909071507,0.003106868387233018
494,0.0014059830500182684,0.0017943426246213251
495,0.00517225288734798,0.00038166186413749874
496,0.002566558025930031,0.0015245634315556782
497,0.008350364015203789,0.00013466258391754725
498,0.0026657606769783246,0.0013607976091705549
499,0.0007873193222554851,0.001093927807011432
500,-0.0020306498682413315,-0.0019252492213789336
501,-0.002762477005820327,-0.00019691405116655747
502,-0.00028116356642166816,0.0009062644343942696
503,0.0005473163613382968,-0.0006752921175735932
504,-0.010296847611623444,-0.002026108787886447
505,-0.0030122699507163023,-0.0005285300304748438
506,-0.007732039454430981,5.867118822324229e-06
507,-0.010081944979011229,-0.0014440289990430616
508,-0.005327144248976406,-0.0025246704341227917
509,-0.0060034231453789996,-0.0008437193902490204
510,-0.010822553388180611,-0.0007383833122755966
511,-0.006596064584614795,-0.0001649386395222436
512,-0.009910326126353607,-0.001951030507584099
513,-0.011227892920437802,-0.00243271644292105
514,-0.00014282466070705742,-0.0019298578834309346
515,-0.013141584942974424,-0.001026737975607553
516,0.00015270672130016758,-0.0012499558800618937
517,-0.006506939592332647,-0.0032392933954673024
518,-0.008832820396447817,-0.001472118133415381
519,-0.006987010581107993,-0.001174849945803667
520,-0.008922880642616614,-0.0003690124066211243
521,-0.007424017768028961,-0.002050955038235545
522,-0.002068260770468384,-0.00033712938743255883
523,-0.01302840596044181,-0.00013491059345979462
524,-0.014123308577088552,0.0002959072109761165
525,-0.011660899505254656,0.00021562686365065743
526,-0.00014668149514016442,-0.0004010394073388418
527,-0.013444315069073062,6.90009234872093e-05
528,-0.0004222981341950258,-0.0020708988284020755
529,-0.0125412621539072,0.00041119787742591147
530,-0.01216484336800561,-0.0012960421035547183
531,-0.0014276372305409614,-0.0005519415899526596
532,-0.00768375608532784,-0.0028422587599855683
533,-0.00019412078997353306,-0.00036291532869692434
534,-0.0009883095659781306,-0.0020754147377573936
535,-0.013351060937626912,-0.0012034772153361618
536,-0.013346384405699399,-0.0017095587983481932
537,-0.0022239326464659303,-0.0008222959793175226
538,-0.007341791208109078,-0.0015274832588475441
539,-0.0016588847982264236,-0.0009947836688224622
540,-0.015249834439679892,-0.001649385588743674
541,-0.0067329173050053115,-0.0009732015886823256
542,-0.013643638645807267,-0.0016600029431955965
543,-0.008369187407358338,-0.0007329295503927124
544,-0.006901751622496228,-0.0026425071941070994
545,-0.00707204745807044,-0.0032931207812676856
546,-0.00016679154756062202,-0.00020055979051196999
547,-0.013013418673055551,-0.0008690218431604892
548,-0.008134358728225514,-0.0002685797827710342
549,-0.011478383849683771,0.00025518296746761113
550,0.0011339158970374605,-0.00045551102308600394
551,-0.012210645511480281,0.00030516080743678617
552,-0.011775971532205923,-0.00200773406017189
553,-0.01187590083881533,-0.0007093194160338544
554,3.6338770888869417e-06,-0.0012288152459546129
555,-0.008365098696834453,0.0004595889733324484
556,-0.0035338022637741145,0.0006858580576407443
557,-0.013224443965201288,-0.000941883548807109
558,-0.009235863742032932,-0.002677774067190433
559,-0.014922973897043513,-0.0017368189035492367
560,-0.013858773573819644,-0.001650560434497936
561,-0.012360161459120956,-0.0008368368615675811
562,-0.0038305447115097083,-0.0007073383672082144
563,-0.0036808367111808124,-0.0017469047240545232
564,-0.013250230028319697,-0.0024757048533267023
565,-0.01149187358856572,-0.00044322864705668015
566,-0.0036020319539674453,-0.001999164395681101
567,-0.011463384857146736,-7.19879144224245e-05
568,-0.0019046514181615293,-0.0016217690775295248
569,-0.0016560635363367282,0.00025150635043711783
570,-0.0074797084137294394,-0.0003469108354493096
571,-0.01176727541397627,-0.0016120171088058154
572,-0.0035345999625672406,-1.1547022790140561e-05
573,-0.004268699180301529,0.0006328054869200654
574,-0.010816204550045118,-0.0015740588513382587
575,-0.009777608706392538,-0.001189230485376192
576,-0.005415372853876739,-0.0028669891543857914
577,-0.0018072059111842703,1.6418136837417365e-05
578,-0.003340870649727289,0.0009348012473261274
579,-0.007248027250749394,-0.0020679051360711328
580,-0.002339143423185364,-0.001947316744666596
581,-0.012524233599264628,1.0959536191756822e-05
582,-0.0055601040638611305,-0.0014310497679976405
583,-0.009276174412848115,0.00013063502785319332
584,-0.010049392140082325,-0.0022637317900202473
585,-0.010766895606691957,0.0007484467115143898
586,-0.008489618889631123,-0.0006851223971378434
587,-0.010461312654136537,-0.0005678655260522227
588,-0.006497649894643545,-0.0021019794497522106
589,-0.014168441556047741,-0.0011384885190927354
590,-0.0006417593174777404,-0.0006193250015605791
591,-0.00509169425043686,-0.0001207892594268137
592,-0.002438920126318928,0.0003660032240489386
593,-0.005141325101698696,-0.0008402791235640217
594,-0.012988365097307213,-0.00018114687119518596
595,0.0007381801726178255,-0.001210124954789139
596,-0.0013311604923573884,-0.0019496400598792818
597,-0.004520663265891261,-0.0017412191624045614
598,-0.0038295671044102923,0.0002968086405497172
599,-0.003048802668572434,-0.00350879818748776
600,-0.004323620697139471,-0.0011902507367040085
601,-0.007200632261874096,-0.0015024317053781303
602,-0.009708652151486457,-0.00042431151349914286
603,-0.006946322761528474,-0.002383577642790196
604,-0.008648308333060835,-0.0015561127684860295
605,-0.005582138259872299,-0.00031250533435318856
606,-0.0012046958771250503,-0.0017376391032644265
607,-0.012094217267458476,-0.0006446394159058032
608,-0.008591296662168738,-0.0015061335728712897
609,-0.012343992742557047,-0.0014873361105577298
610,-0.003656234223465029,-7.185290074887268e-05
611,0.0004888588284219276,-0.0016588543867581953
612,-0.005228317621490618,-0.0023540868145640733
613,-0.013307493712206226,-0.0007891910710102225
614,-0.008833927825729245,-0.00034563497852415595
615,-0.013622535849380718,-0.0007652521391829481
616,-0.0030849907237432777,-0.0025085717057785556
617,-0.0044287838058165215,-0.0011660515154524535
618,-0.011266856406442524,0.00039672790011824886
619,-0.0103994456753542,-0.0014496296496388933
620,-0.008971727214641588,0.00025095036015059164
621,-0.012758281119071348,-0.0017297344067993773
622,-0.010797976827396737,-0.0026369847444709894
623,-0.007184889985192327,0.0001530849766894689
624,-0.010183993475379429,-1.0549388167443878e-05
625,-0.012138570857845546,-0.00031870007550131857
626,-0.00860954427761995,0.0008433553089312506
627,-0.003215537707184196,0.00010257479790911284
628,-0.009576946443582571,-0.001054722758466344
629,-0.00433529780427578,-0.0022880915051162157
630,-0.006560715213813869,-0.0022961233899257754
631,-0.003602753776479151,0.0005053411902557905
632,-0.013390567486122796,-0.0017638322575219813
633,-0.008878402262547559,-0.001661403257083491
634,-0.004639399296799967,8.469353975960409e-05
635,-0.00884559337168282,0.0005370894917900758
636,-0.00436120877139254,-0.0006752155810360837
637,-0.004905663983741985,-0.00011283451815506382
638,-0.004071816473322844,-0.0017749638545445326
639,-0.007777400227993783,0.0005074554913579393
640,-0.009715904754462011,-0.0015993477117103513
641,-0.0005279527377565454,-0.0003510419292877227
642,-0.009914661139760441,0.0007890998685171833
643,-0.006400694177970404,-0.0006880641032786447
644,-0.010291908022034257,0.00023362139741329622
645,-0.01045433085114006,-0.0014538745624615144
646,-0.003452109899396031,-0.001956522652993083
647,0.0004903600398381149,-0.00014081344502337858
648,-0.007777938736462001,0.0002808836139955707
649,-0.003301677766048846,-0.0010529681064433095
650,-0.008647036560832058,0.000311977845282515
651,-0.012308827425408415,-0.0007635277494679215
652,-0.008799756901330228,-0.002312253957908727
653,-0.005992066278945012,-0.0007745400601498428
654,-0.009949821359168345,-0.0019496944193320468
655,-0.014225263030966388,-0.0011333494358293941
656,-0.005853320699530106,-0.0017154361608210037
657,-0.008151524871188883,-0.0010388416754539874
658,-0.007958653720729594,0.0004709645535515402
659,-0.008860100178370193,-0.0005134935109137456
660,-0.005072544614499212,-0.00038670081743875326
661,-0.005433666597447401,-0.002273993816813659
662,-0.014275597184818117,0.0002952652735671567
663,-0.007788467129688945,-0.0014399136534233524
664,-0.00038800188492921244,-0.0012933484482476412
665,-0.010148787057038089,-0.0010372636302292775
666,-0.008858588321748686,-0.0012520737249659287
667,-0.0013458441101211257,-0.001606241627847279
668,-0.0039023352577249094,-0.0021672067691564
669,-0.0066351790823886495,0.0003566502133181252
670,-0.0019547263705690125,-0.0009211260378334435
671,-0.00016144315762230214,-0.0013004425816592633
672,-0.007255417504643838,-0.0014100580241871825
673,-0.008901131161817582,-0.0018681111243207247
674,-0.010849052228457761,-0.0025682976057616424
675,-0.0005584336353645653,0.00026968060805165016
676,-0.011832864994459517,-0.00015243014706856919
677,-0.0036756185266199606,-0.00043351773127993555
678,-0.004025336994260667,0.00018213812178091178
679,-0.013529944963073188,-0.001168560647065845
680,-0.005784362696579955,-0.005120919812245533
681,-0.005988139343528809,-0.002618496709193762
682,-0.009680581294974474,-0.0015829222287549684
683,-0.011821110102499246,-0.0019196506797503046
684,-0.00836762019996537,0.00022303860395251463
685,-0.0011070720924331596,-0.0010216142646356514
686,-0.011811550363678494,0.00019391082135567465
687,-0.0021003495642544496,0.0006271146063059559
688,-0.0076183171413469345,-0.0022088537658422887
689,-0.005716209808504054,-0.0016577039738182734
690,-0.009629482001834007,-0.0026806082307932497
691,-0.012939339949999764,-0.0007182801271593249
692,-0.014295028904823984,-0.0017305492393271886
693,-0.004228533120458063,-0.0001918629744211603
694,-0.013251891278359879,-0.002143798859475896
695,-0.007675676324221486,-0.002378598835659636
696,-0.001695162497734525,-0.002316904771830812
697,-0.008142618158650614,-0.0017571514113361045
698,-0.008749121222654992,-0.0015469333386767675
699,-0.001000249548521503,-0.0010652342793041152
700,-0.006884127045483803,-8.089360939822624e-05
701,-0.0002392155704987874,-0.0013576071584717956
702,-0.01124179539810327,0.0007267059481652799
703,-0.009444172926399014,-0.00017442435187746755
704,-0.007217833856793463,-0.0021095937901474435
705,-0.007907323318694835,0.0002170191936929102
706,-0.0009135034763247824,-0.00034580036825965465
707,-0.0076345739909383014,-0.0014138532564179171
708,-0.010168587545935838,0.0006096664678011801
709,-0.0003703215753791676,0.0013233170603022483
710,-0.0057310697190616775,0.00015404213677508942
711,-0.008148810152273504,0.0007877688864262329
712,-0.004294026094169798,-0.0016811790545850397
713,0.0004324673149950593,-0.0011892879583506593
714,-0.008819851217383354,-0.0021297068293434397
715,-0.0014421174709504435,-0.002082204918700882
716,-0.002394010653282944,-0.0016879206994932531
717,-0.008598047065806717,-0.0036082761575562646
718,-0.0017454608365512323,-0.0011652718291314636
719,-0.011463872717330728,-0.0005474921307460497
720,-0.007270907556191497,-0.002882855150011232
721,-0.01202085019834296,-0.0008147803830928339
722,-0.007958834345474263,-0.0011063569051813031
723,-0.005291814432733157,-0.0007218034645824084
724,-0.007964255667217849,4.104233511124243e-05
725,-0.0032709768160155512,-0.001814208083795357
726,-0.0029283288663993286,-0.002025490648834474
727,0.00024590889179578607,-0.0015686739230219206
728,-0.0013218262217332497,-0.0003057919797458876
729,-0.004159933934673908,-0.0019999356347930883
730,-0.011448318656221684,-0.0016717188046213533
731,-0.0019229362687612508,-0.0025469209894283563
732,-0.0007957598111552595,0.00015692121505345754
733,-0.005936599133800777,0.0004795963057937061
734,-0.00721964418967489,-0.0020045345160427915
735,-0.008241331987116381,-8.803972099751201e-05
736,-0.010873854184444925,-0.0001581941278107457
737,-0.007016300452166118,-0.003176292532490688
738,-0.0004617678259965329,-0.00030639736311871487
739,-0.005008030532083011,-0.00032706425591809505
740,-0.011016017559719812,-6.051092918578735e-05
741,-0.007610873690974192,0.0001875977151391779
742,-0.011874452461683211,-0.0003426113033961327
743,-0.009648810431660977,-0.00027430380440672465
744,-0.00852523591626166,-0.0019042086502009243
745,-0.0035202122471880595,-8.147424124237175e-05
746,-0.00597349879173886,0.0004084602161759249
747,-0.003108098247598802,-0.0014212048958481337
748,-0.009952558530956859,-0.00014552794865263627
749,-0.003217432650906385,-0.0015265814084950207
750,-0.01054578526590171,-0.001182094188695745
751,-0.00442174437298387,-0.0026362876689272736
752,-0.0014557251375603968,-0.002270034354137393
753,-0.0001257709586459951,-0.0008310320822902385
754,-0.007560930733290954,-0.0023489661848880763
755,-0.008717976521780734,-0.0013827208828918734
756,-0.007288757647547467,-0.0007160232203229437
757,0.00014289870878180636,-5.801381998909962e-06
758,-0.002880556967428096,0.0005571611340516983
759,-0.010685907787309826,0.0001237720175289562
760,-0.006617553855773554,-0.00011219058213722813
761,-0.006876889588297695,-0.0009928474942911632
762,-0.008931428891757064,-0.0011891011174886407
763,-0.010407545810219295,-0.0020578344383357173
764,-0.013601477557262716,-0.001752017391388452
765,-0.01148455951150817,-0.0017642630092486867
766,-0.009745272241637945,-0.0016833064568319309
767,-0.0006394240720734216,-0.0009723161483601102
768,-0.0006001334012856204,-0.000667760345829584
769,-0.006028582510389337,0.0004966067942355248
770,-0.009033708169527753,-0.00044511277017426665
771,-0.005468783506742185,-0.0016973640532760108
772,-0.005083889395857009,-0.0024731553503164576
773,-0.00031372381578020946,-0.0019209993998632133
774,-0.004762622249739152,-0.0027099613634718636
775,-0.010886283864055366,0.0003302813947456048
776,-0.008636175411198559,-0.002008698572292646
777,-0.0030331272576352092,-0.001417514737655555
778,-0.00798116884780488,0.0009199095526634703
779,-0.010886059059430403,-0.0003916999014219017
780,-0.0001397531469556622,-0.0020597299511931105
781,-0.005414435483498039,-9.781764284143503e-05
782,-0.004614050089942163,-0.0011517976819565082
783,-0.0008140324360267472,-0.00032715613441528234
784,-0.0026023672163692077,-0.0017254418259389844
785,-0.008412332382077073,-0.00042475711808182454
786,-0.009589347281509432,-0.0014902872402359616
787,-0.01192759192999776,0.0004595307043364516
788,-0.010433637025068113,-0.0016426649532228499
789,-0.005120483215954642,-0.0020553874776650365
790,-0.004811572091845333,-0.0011742130087805344
791,-0.006856682998506577,-0.00014388640380384678
792,-0.011954786397229838,-0.0013444979656793607
793,-0.008474127940471423,-0.0021768988545972
794,-0.0029320594612673896,-0.001685341810464118
795,-0.00893392684799136,-0.0012898815986531805
796,-0.0003909459986033885,-0.0006469587012712046
797,-0.0023026236450154375,-0.0009135589848212398
798,-0.00500058001758893,-0.0021488254708586156
799,-0.012814268553294789,-0.0007142770445238299
800,-0.009499864136313829,-0.00023107159915194142
801,-0.00293640647004718,-0.00038656823525835116
802,-0.004819923367110255,0.0006678564579625993
803,-0.01109084063144417,-0.0007438649273203284
804,-0.004384638637569315,-0.0014496998281847136
805,-0.00813484873772852,-0.001349970990559958
806,-0.00603326269893966,-0.0005713229423358423
807,-0.012069876080184096,-0.0011567442031980792
808,-0.00849576321415667,-0.0029651272293476014
809,0.00015805223134867416,-0.0014843667824264207
810,-0.0029668282505616187,0.0002861706975292212
811,-0.004289188621054603,-0.0007261550476088388
812,-0.011671354388149154,-0.00037539910205164004
813,0.0005819981825021427,-0.0006033651663329839
814,-0.004891533976365869,-0.0004059875987939654
815,4.0091614113515465e-05,-0.0010221517073843148
816,-0.010755665915161805,-0.0014444417651157098
817,-0.0009370934404434338,-0.0009499563457068466
818,-0.008989553110951993,-0.001067200551722172
819,-0.004005832064356273,-0.0020949680652616437
820,-0.008380654413588014,0.00016509072085208674
821,-0.007200529886067361,-0.0013011231200605671
822,-0.001976717449644978,-0.0012347423578922614
823,-0.011424666712132556,-0.001954930645047532
824,-0.0069969770457386825,-0.002428583025500878
825,-0.012063584416427794,-0.0017543168308623977
826,0.00022340746885097043,-0.0010858743223766134
827,-0.008710013247577737,0.0011386963276290142
828,-0.004419637850528067,-0.002750391745811962
829,-0.001785531731884317,-0.0021777244214394313
830,-0.0022916314463016056,-0.001532109303681428
831,0.0005157119987052377,-0.0008412227189297288
832,-0.005322725621916248,-6.5177031716818065e-06
833,-0.010828992008977172,-0.0001442233883991608
834,-0.008704007769001411,-0.0010567628582399187
835,-0.00913314406603232,-0.0006917717575173831
836,-0.013572395196246418,-0.0009361765729342818
837,-0.002436846655755645,-0.0018450066222774073
838,-0.005892430589251146,-0.001077125501199142
839,-0.002280373439337068,-0.0013580767077040526
840,-0.00704606414031432,-0.0007944574781228593
841,-0.0054724592999111235,-0.0013774771112749775
842,-0.005914421406420279,-0.00192919486441637
843,-0.00950776724534254,-0.0001828980982001815
844,-0.002091031835394417,-0.0007684132516852726
845,-0.008513423653564877,0.00014206775376580667
846,-0.010830611473854862,-0.002275247571107152
847,-0.007287118666166957,-0.002074384039391551
848,-0.008461216223741559,-0.00017654054025041088
849,-0.010026607321557988,0.00024090762238660956
850,-0.005084081034780051,0.0006428473233530646
851,-0.007062481068987974,-0.0006494036895419647
852,-0.00449384184831025,-0.0025168363220289566
853,-0.00987267471061146,-0.0021997410421279394
854,-0.00034351279088830003,-0.0008480155640026405
855,-0.010278518932353455,-0.00024602986489013275
856,0.00031258214183160364,-0.0003953140966515617
857,-0.002041327111961137,-0.000676810014229137
858,-0.012437024449072706,-0.0007909372276006678
859,-0.002211161936044702,-0.0017653814527723354
860,-0.009826667198692475,-0.0027999082135276186
861,-0.005342405506852163,-0.004318645296850911
862,-0.005121815525737081,-0.0015171492102913236
863,-0.012459264722232482,-0.002423175809779598
864,-0.005953439251183829,0.0004720918158122997
865,-0.007316901910037315,-0.0036815721323751405
866,-0.007362541716101921,0.00034309953798365256
867,-0.00872841332390166,0.0007192938511214435
868,-0.0038725905342586356,-0.0015861041609027766
869,-0.004676535264043895,0.0008118869711905537
870,-0.0013732509307772874,-0.002561146579065923
871,-0.007118008757870585,-0.0018243809185376069
872,-0.010761585272722586,0.0008236719523623763
873,-0.011142525875529807,-0.0005263322155605885
874,-0.003936745202008892,-0.0011457943939843077
875,-0.0013764522683111008,-0.0007241548128890449
876,-0.01329536888894886,-7.490444915616183e-05
877,-0.008007748138577794,-0.0014771532961557936
878,-0.013615827848789112,0.00021157786910883238
879,-0.007575882650607808,-0.0005095812085214778
880,-0.008879400059391945,-0.0023925816813504556
881,-0.006004506402246277,-0.0020388424781603563
882,-0.0025807462205719445,-0.0023994203145764298
883,-0.008286838532173827,-0.0011864382158642106
884,-0.008886941318852738,-0.0003840286589887255
885,-0.003644777488846216,-0.000328372387005277
886,-0.010578929239799632,0.0002354901090109933
887,-0.005268349548667975,-0.001642270641069446
888,-0.01323436095018607,-0.0016025322955453942
889,-0.008543981827466487,-0.0017859872848098198
890,-0.0011831547445163586,0.0006058378017368898
891,-0.0030777545368509958,-0.00030096348015747965
892,-0.0029987915390583563,-0.0005445091998147902
893,-0.004650620492585908,-0.001774623277589061
894,-0.009456346293872526,-0.0020666986333170104
895,-0.006926156393578283,-0.0009415260272807297
896,-0.011345726221954129,-0.0013734807903391228
897,-0.010140607294921588,0.0005064242453285622
898,-0.005967894142759481,-0.0014269423980400333
899,-0.011674027022478264,-0.00052687375619305
900,-0.001974746516168718,-0.0009864567856744445
901,-0.012209440875960336,-0.002020245882834241
902,-0.003165255158663003,-0.0037410666147868173
903,-0.006985802166269118,0.0001009090428557623
904,-0.006319683864004726,-0.0007579488251114883
905,-0.01512435117231664,-0.0017060631627093855
906,-0.013511466159524145,-0.0007992793931212973
907,-0.007651832729625709,-0.0029787052357228808
908,-0.0006027805009124104,-0.0015562525192660266
909,-0.008004684353862293,2.8194220687577497e-05
910,-0.004024636149273089,-0.0006818479153757195
911,-0.009302941729651874,-0.0003152435239528958
912,-0.00864617803122839,-0.0012077586257979557
913,-0.008583264743675862,2.3133813371364144e-05
914,-0.002979263019002793,0.0004803489349357352
915,-0.009374543101891853,0.0019249545281069954
916,-0.010814209677301196,-0.0015719094265473868
917,-0.00616071267084883,-0.0024710779528062184
918,-0.0052191545507811994,0.0001863830809656324
919,-0.008895217385630094,-0.0028920047108208957
920,-0.007894132323274858,-0.001152816720043785
921,-0.0009184831202896997,-0.0009006261625019267
922,0.001012154202677097,-0.0006941275528284589
923,-0.009909264775859522,-0.002322822929484868
924,-0.0033881270259757683,0.0003212091324100471
925,-0.004641577610220778,-0.0008652719995304004
926,-0.001538879230492079,-0.0017641230368761636
927,-0.0035896115975537347,0.0007739408675777128
928,-0.013677569366471612,-3.7599227291598e-05
929,-0.010108552704497294,0.0004988665219111875
930,-0.0028964491772091212,-0.0008315977463964287
931,0.000657302536683279,-0.0016998330917055839
932,-0.007845154885573847,-0.0008648734845638659
933,-0.001696915151793674,-0.0018957864162141857
934,-0.01449114914150154,-0.0018551212594643818
935,-0.004781380692991052,-0.0008008643675703523
936,-0.014527765739780553,-2.687718946345517e-05
937,-0.013755173828458388,-0.0011153181238709984
938,-0.002808217549884935,-0.002400981084720266
939,-0.007971897417650002,-0.0013337014535694269
940,-0.000988511599447564,-0.0016847589967210264
941,-0.008908321240372876,-0.002491813281223126
942,-0.00177018855214114,-0.0013191522722729653
943,-0.01062598638393487,-0.00022903736265362848
944,-0.005420291321234834,-0.003691325879920665
945,-0.011120747263850183,-0.002280643667261378
946,-0.004707721420714608,-0.00013977609620105408
947,-0.013176830565949513,-0.0021153356549325516
948,-0.005158471522033873,-0.0025581633024789052
949,-0.004602434630163282,-0.0007012498246785936
950,-0.0020804135989446297,0.00017532551876899035
951,-0.006751950088930858,-0.0019253831970096008
952,-0.009143749590978863,0.0001613076351477806
953,-0.0003256563941040608,-0.00018472404979104123
954,-0.005528042352046728,-0.00014068510872422034
955,-0.004747812559215445,-0.00020692884302712982
956,0.0003994000476306591,-0.0011866530071791114
957,-0.009764094425789623,-0.0021600441251009663
958,-0.0018736191011586153,-0.0024058608561746617
959,-0.010083598766623809,-0.0012968942336418446
960,-0.014708896967188505,-0.0016898184180292523
961,-0.004255458482148577,-0.001617538730876272
962,-0.012524725189620065,0.0005279756983373013
963,-0.0006670436706050247,-0.0018216456287549023
964,-0.011781243577216013,-5.6293995643091394e-06
965,-0.009983835437622686,-0.00010646522008773873
966,-0.004317607537999708,-0.0010220983073499187
967,-0.00811969436987761,-0.0016696137110808185
968,-0.0006913006957093092,-0.0014476033203773921
969,-0.01090974053827194,-0.0002692577609546707
970,-0.005049011284702367,-0.0015193291909350328
971,-0.000595695113802776,-0.0006063865633239866
972,-0.010234455437173311,-0.0019180563530179142
973,-0.00973678705168377,-0.0018856371224468872
974,-0.010115229213186172,-0.001163121355939495
975,-0.007760038506098393,-0.0016909641707179386
976,-0.011639221273954234,-0.0009181582746368689
977,-0.0022493747426051013,-0.00032771017902328355
978,-0.0007515554385130847,-0.0006955035916735185
979,-0.007539166664337793,-0.0002102271659480963
980,-0.009071268768784101,-0.0005788049372193598
981,-0.007646453861550775,-0.0006143322625108806
982,-0.008272367215708792,-0.0025726825170604966
983,-0.006388313552367534,0.001318821059442695
984,-0.010468829435737357,-0.0029913495463439114
985,-0.00025076204475305616,-0.001370368666645116
986,-0.006682122127561661,-0.0006467290588427639
987,-0.003995270089941435,0.0004249702601463534
988,-0.01368281540270775,-0.000399230752406202
989,-0.002355586939317851,-8.680587726609765e-05
990,-0.0105482289713653,-0.0016302965238802426
991,-0.0003105288479939745,-0.0014632681892420805
992,-0.0084621022302544,-0.0022654113436004026
993,-0.004293766264686393,-0.001962660124335964
994,-0.0036382795961751807,-0.00037263334138601585
995,-0.0035591065258941366,-0.0025758687502123742
996,-0.007093836392881473,0.000567665959145275
997,-0.002075362054341844,-0.0004835634919171402
998,-0.008766601349337428,-0.001377741923396559
999,-0.0048406365869033225,-0.002575818797879198
